694625
923346
156468
263858
899717
198303
995628
454180
611082
723693
307854
322523
326770
469608
253844
852610
141130
679580
47764
288489
420885
907371
995628
795669
692999
715371
297079
589601
878829
846106
552
586
647
180
887
951
876
413
276
197
456
924
147
518
736
55
929
249
890
803
552
388
562
141
362
988
307
126
62
770
551
717
635
798
611
137
949
9
487
88
650
772
602
499
236
966
251
941
164
357
92
764
380
202
878
785
174
97
458
582
170
216
281
627
533
690
302
152
345
322
724
419
921
370
981
675
460
70
80
500
85
260
582
431
673
964
675
873
792
367
701
278
813
636
619
94
9
458
749
121
805391
878198
111281
448066
1087
278211
86666
426572
125632
766201
957528
821642
351604
765095
263630
632953
158776
709503
311122
603069
433278
413993
271210
321413
854281
957528
868547
216843
807555
618791
712350
621499
93118
957528
250712
550827
348549
21136
851092
172809
512286
402709
427398
453843
525536
26341
842655
239038
158123
346196
379216
757050
446727
57145
633789
913421
342556
223142
303808
687260
80331
711089
670807
349897
226921
539249
364139
862133
445846
405957